CRPS: 0.30576171954235176
RMSE: 0.287416788399787
